1 0.31328125 0.63828125 0.0125 0.01875
1 0.2625 0.45703125 0.00859375 0.015625
1 0.5546875 0.49453125 0.009375 0.01953125
1 0.434375 0.48359375 0.009375 0.01953125
1 0.24765625 0.57578125 0.0109375 0.01640625
1 0.32578125 0.4984375 0.0078125 0.01796875
2 0.5640625 0.53046875 0.02890625 0.09140625
2 0.44375 0.52265625 0.02890625 0.09921875
2 0.27265625 0.4984375 0.03046875 0.0984375
2 0.25625 0.628125 0.03359375 0.121875
2 0.33828125 0.5140625 0.03359375 0.08046875
2 0.31875 0.66796875 0.03203125 0.0796875