1 0.4328125 0.48515625 0.01015625 0.01875
1 0.2625 0.45703125 0.00859375 0.015625
1 0.31328125 0.6375 0.01171875 0.01953125
1 0.55625 0.49296875 0.01015625 0.01953125
1 0.24609375 0.57421875 0.01015625 0.01796875
1 0.32578125 0.5015625 0.0078125 0.01796875
2 0.5640625 0.52890625 0.02734375 0.09453125
2 0.4421875 0.52265625 0.0296875 0.096875
2 0.27265625 0.4984375 0.03046875 0.0984375
2 0.2546875 0.62578125 0.03046875 0.12109375
2 0.33828125 0.51640625 0.03359375 0.07421875
2 0.31875 0.66796875 0.03125 0.0796875