1 0.253125 0.57109375 0.01171875 0.01640625
1 0.2625 0.45625 0.00859375 0.01484375
1 0.31328125 0.6390625 0.01015625 0.01953125
1 0.55234375 0.51484375 0.009375 0.0203125
1 0.32578125 0.50078125 0.0078125 0.01640625
1 0.43359375 0.46953125 0.01015625 0.015625
2 0.56328125 0.5375 0.03203125 0.0765625
2 0.33828125 0.5140625 0.03359375 0.08203125
2 0.44609375 0.51640625 0.03515625 0.1109375
2 0.27265625 0.49765625 0.03046875 0.09921875
2 0.31875 0.66796875 0.03125 0.07890625
2 0.25703125 0.6234375 0.0328125 0.12109375