1 0.29140625 0.55703125 0.0109375 0.0203125
1 0.43359375 0.48046875 0.0109375 0.01953125
1 0.55703125 0.484375 0.009375 0.01875
1 0.34453125 0.4859375 0.01015625 0.01640625
1 0.3234375 0.528125 0.01328125 0.01875
1 0.29296875 0.459375 0.00859375 0.01640625
2 0.565625 0.515625 0.028125 0.09453125
2 0.4390625 0.5203125 0.0265625 0.1015625
2 0.29609375 0.60859375 0.025 0.121875
2 0.3328125 0.584375 0.03359375 0.13359375
2 0.296875 0.50078125 0.02890625 0.09921875
2 0.334375 0.509375 0.03046875 0.065625