1 0.253125 0.57109375 0.0109375 0.015625
1 0.2625 0.45625 0.00859375 0.0140625
1 0.32578125 0.503125 0.00703125 0.01640625
1 0.31328125 0.6390625 0.01015625 0.01953125
1 0.553125 0.51484375 0.00859375 0.0203125
1 0.434375 0.46953125 0.01015625 0.01484375
2 0.56328125 0.53828125 0.03125 0.07578125
2 0.25703125 0.6234375 0.03125 0.12109375
2 0.44609375 0.51640625 0.03515625 0.1109375
2 0.271875 0.49765625 0.03046875 0.09921875
2 0.3390625 0.51953125 0.0328125 0.07109375
2 0.31875 0.66796875 0.03125 0.07890625