1 0.26328125 0.45546875 0.009375 0.01484375
1 0.44296875 0.46328125 0.009375 0.0140625
1 0.25 0.5734375 0.00859375 0.01796875
1 0.55078125 0.50625 0.00859375 0.0203125
1 0.32578125 0.503125 0.00703125 0.01640625
1 0.31328125 0.6390625 0.01015625 0.01953125
2 0.453125 0.51328125 0.0328125 0.115625
2 0.5625 0.534375 0.0328125 0.08515625
2 0.25703125 0.62421875 0.0296875 0.11953125
2 0.2734375 0.49765625 0.03046875 0.10078125
2 0.3421875 0.5140625 0.02578125 0.08359375
2 0.31875 0.66796875 0.03125 0.078125