1 0.759375 0.5171875 0.01171875 0.01796875
1 0.78671875 0.51796875 0.0125 0.01640625
1 0.6265625 0.38203125 0.00859375 0.01171875
1 0.678125 0.5015625 0.0125 0.01875
1 0.71875 0.51953125 0.01171875 0.0203125
2 0.96484375 0.57421875 0.03046875 0.09375
2 0.77578125 0.571875 0.03671875 0.128125
2 0.753125 0.578125 0.0328125 0.140625
2 0.61796875 0.43203125 0.03046875 0.11484375
2 0.709375 0.578125 0.0390625 0.13984375
2 0.67109375 0.565625 0.03515625 0.1484375
2 0.0796875 0.3546875 0.02109375 0.090625