1 0.7234375 0.515625 0.0140625 0.0203125
1 0.640625 0.3984375 0.0109375 0.015625
1 0.76640625 0.5234375 0.0109375 0.01796875
1 0.6265625 0.38203125 0.00859375 0.0140625
1 0.90390625 0.528125 0.00703125 0.01328125
1 0.78046875 0.521875 0.01171875 0.01875
2 0.89375 0.57109375 0.02890625 0.1015625
2 0.71484375 0.5765625 0.0421875 0.14296875
2 0.6671875 0.59375 0.03984375 0.09609375
2 0.7625 0.58125 0.04296875 0.1359375
2 0.0921875 0.309375 0.01796875 0.06484375
2 0.6234375 0.4296875 0.0234375 0.109375