1 0.7796875 0.51796875 0.0125 0.01484375
1 0.75625 0.50859375 0.0109375 0.01796875
1 0.65234375 0.49375 0.01015625 0.0203125
1 0.6140625 0.40078125 0.01015625 0.01484375
2 0.83125 0.54375 0.025 0.11953125
2 0.89765625 0.55234375 0.02265625 0.096875
2 0.75 0.56875 0.03671875 0.1390625
2 0.05078125 0.35390625 0.015625 0.09296875
2 0.76953125 0.571875 0.03515625 0.12421875
2 0.640625 0.59375 0.0390625 0.1140625
2 0.61015625 0.4390625 0.02421875 0.09296875
2 0.6359375 0.54140625 0.04296875 0.115625
2 0.98671875 0.51796875 0.025 0.084375