1 0.784375 0.49375 0.01015625 0.015625
1 0.7640625 0.52578125 0.01171875 0.01796875
1 0.92265625 0.4640625 0.0078125 0.01328125
1 0.83515625 0.42734375 0.00859375 0.01171875
1 0.8796875 0.5109375 0.00859375 0.0140625
2 0.09609375 0.31796875 0.0203125 0.0953125
2 0.628125 0.60078125 0.03984375 0.1015625
2 0.76171875 0.58125 0.04140625 0.13359375
2 0.87578125 0.553125 0.02734375 0.09921875
2 0.63984375 0.54453125 0.03515625 0.13203125
2 0.91640625 0.503125 0.028125 0.09375
2 0.7828125 0.54453125 0.02265625 0.11640625
2 0.8265625 0.46328125 0.0265625 0.08359375