1 0.78671875 0.5234375 0.0125 0.015625
1 0.72734375 0.528125 0.009375 0.01328125
2 0.87265625 0.55 0.02890625 0.1015625
2 0.7734375 0.5859375 0.03203125 0.10625
2 0.63125 0.53515625 0.03671875 0.13125
2 0.72578125 0.5609375 0.02578125 0.08125
2 0.6484375 0.59453125 0.0453125 0.11015625
2 0.8328125 0.540625 0.02890625 0.12578125
2 0.99140625 0.51796875 0.01640625 0.084375
2 0.00859375 0.3765625 0.01171875 0.090625
2 0.6171875 0.4515625 0.0296875 0.0671875
1 0.64453125 0.4796875 0.015625 0.0265625
1 0.67109375 0.58125 0.0125 0.034375
1 0.83984375 0.48828125 0.01171875 0.02109375
1 0.8765625 0.50546875 0.01875 0.01484375