1 0.77734375 0.51640625 0.01171875 0.01484375
1 0.67578125 0.49921875 0.0125 0.01640625
1 0.7203125 0.51328125 0.0125 0.01640625
1 0.7421875 0.509375 0.01171875 0.015625
1 0.6140625 0.38515625 0.00859375 0.01484375
1 0.10390625 0.3125 0.00703125 0.01171875
2 0.67109375 0.5640625 0.03359375 0.1484375
2 0.77109375 0.57109375 0.0296875 0.125
2 0.7359375 0.56328125 0.03515625 0.12421875
2 0.10546875 0.3359375 0.0265625 0.0609375
2 0.60703125 0.43671875 0.03515625 0.11796875
2 0.71484375 0.57421875 0.03671875 0.14140625
2 0.62890625 0.48984375 0.03359375 0.06875