2 0.66171875 0.546875 0.04765625 0.078125
1 0.6765625 0.53828125 0.01015625 0.0234375
2 0.70546875 0.421875 0.03046875 0.078125
1 0.709375 0.396875 0.00859375 0.01328125
1 0.76484375 0.52578125 0.0125 0.01875
1 0.775 0.51328125 0.01171875 0.01484375
1 0.8046875 0.49609375 0.01015625 0.0140625
1 0.9140625 0.50390625 0.0078125 0.0140625
2 0.76015625 0.58203125 0.0375 0.13203125
2 0.90859375 0.5484375 0.02734375 0.1046875
2 0.94453125 0.50859375 0.02578125 0.09296875
2 0.09453125 0.3203125 0.01484375 0.0890625
2 0.8 0.54609375 0.03046875 0.1140625
2 0.63203125 0.603125 0.06640625 0.090625