1 0.72109375 0.51328125 0.01328125 0.01875
1 0.67890625 0.4765625 0.01171875 0.015625
1 0.65 0.49453125 0.01171875 0.01796875
1 0.4734375 0.3703125 0.009375 0.01328125
1 0.765625 0.5125 0.0125 0.015625
2 0.26484375 0.3515625 0.034375 0.12734375
1 0.265625 0.3140625 0.00859375 0.01328125
1 0.671875 0.39296875 0.009375 0.01171875
2 0.4765625 0.41640625 0.03203125 0.10625
2 0.7578125 0.5640625 0.03203125 0.11953125
2 0.6390625 0.55703125 0.04140625 0.14375
2 0.71171875 0.57578125 0.03828125 0.1453125
2 0.67421875 0.534375 0.03203125 0.13203125
2 0.66640625 0.44296875 0.03125 0.1140625