1 0.61328125 0.3890625 0.009375 0.01484375
1 0.7765625 0.515625 0.0109375 0.015625
1 0.65078125 0.49765625 0.01015625 0.025
2 0.828125 0.54296875 0.03828125 0.1265625
1 0.8203125 0.4890625 0.01015625 0.01484375
1 0.7671875 0.521875 0.01328125 0.01875
2 0.7609375 0.57890625 0.03984375 0.13984375
2 0.90546875 0.553125 0.02421875 0.09609375
2 0.6109375 0.43359375 0.02890625 0.10390625
2 0.08203125 0.346875 0.02109375 0.096875
2 0.6375 0.52109375 0.0375 0.07109375
2 0.98515625 0.51484375 0.021875 0.08359375
2 0.63359375 0.5953125 0.05390625 0.0953125
1 0.653125 0.584375 0.01171875 0.0359375