1 0.25 0.5734375 0.01015625 0.01796875
1 0.5515625 0.48359375 0.00859375 0.01640625
1 0.44140625 0.4765625 0.00859375 0.01640625
1 0.3265625 0.50078125 0.00703125 0.01875
1 0.3125 0.63984375 0.0109375 0.01875
1 0.26328125 0.45546875 0.00859375 0.01484375
2 0.5625 0.52421875 0.03203125 0.10078125
2 0.45859375 0.51953125 0.04453125 0.10390625
2 0.25703125 0.62421875 0.03046875 0.11953125
2 0.2734375 0.49765625 0.0296875 0.09921875
2 0.31875 0.66875 0.03125 0.07890625
2 0.33984375 0.5171875 0.03203125 0.075