1 0.29140625 0.5578125 0.01171875 0.01953125
2 0.30078125 0.4765625 0.03359375 0.0953125
1 0.33828125 0.47421875 0.01015625 0.015625
1 0.434375 0.4828125 0.01015625 0.02109375
1 0.32265625 0.52734375 0.0125 0.01796875
1 0.29609375 0.45625 0.00859375 0.015625
1 0.55625 0.490625 0.009375 0.01953125
2 0.29609375 0.60859375 0.02578125 0.121875
2 0.565625 0.521875 0.02890625 0.09921875
2 0.3328125 0.58359375 0.03359375 0.13203125
2 0.440625 0.52109375 0.02421875 0.1015625
2 0.33203125 0.5 0.02421875 0.06875