1 0.2625 0.46328125 0.009375 0.01640625
1 0.571875 0.47578125 0.01015625 0.01484375
2 0.2578125 0.62265625 0.0484375 0.1375
1 0.2484375 0.57265625 0.01015625 0.015625
1 0.32578125 0.503125 0.00703125 0.01640625
1 0.45234375 0.47734375 0.00859375 0.01796875
1 0.3125 0.63984375 0.01015625 0.01875
2 0.56953125 0.521875 0.0328125 0.10859375
2 0.465625 0.51796875 0.03671875 0.1015625
2 0.33828125 0.5140625 0.03359375 0.08203125
2 0.27265625 0.50078125 0.03203125 0.09375
2 0.31875 0.66875 0.03046875 0.07890625