1 0.2625 0.46171875 0.00859375 0.01640625
1 0.25 0.57109375 0.01015625 0.01484375
1 0.45 0.4765625 0.00859375 0.01640625
1 0.571875 0.4828125 0.01015625 0.015625
1 0.32578125 0.50625 0.00703125 0.01796875
1 0.3125 0.63984375 0.0109375 0.01875
2 0.56796875 0.52421875 0.028125 0.1015625
2 0.2578125 0.6234375 0.02734375 0.12109375
2 0.271875 0.5 0.03359375 0.09453125
2 0.46484375 0.51796875 0.0375 0.1015625
2 0.33828125 0.51875 0.0328125 0.07421875
2 0.31875 0.66953125 0.03046875 0.078125
2 0.99296875 0.45390625 0.01328125 0.075