1 0.27578125 0.45546875 0.00859375 0.015625
1 0.26015625 0.59453125 0.01171875 0.01484375
1 0.575 0.49609375 0.009375 0.01875
1 0.98046875 0.41875 0.00625 0.01171875
1 0.45 0.4796875 0.0078125 0.01640625
1 0.3265625 0.49921875 0.0078125 0.01640625
1 0.3125 0.63984375 0.01015625 0.01875
2 0.46484375 0.51875 0.03828125 0.09921875
2 0.565625 0.53125 0.02890625 0.08984375
2 0.27578125 0.496875 0.03046875 0.1015625
2 0.26171875 0.6359375 0.03515625 0.096875
2 0.3390625 0.515625 0.0328125 0.078125
2 0.97578125 0.4515625 0.01640625 0.0796875
2 0.31875 0.66953125 0.03046875 0.078125