1 0.2765625 0.453125 0.0078125 0.0140625
1 0.575 0.49609375 0.00859375 0.01875
1 0.259375 0.59453125 0.0109375 0.01484375
1 0.32734375 0.49765625 0.0078125 0.01796875
1 0.978125 0.4203125 0.00546875 0.01328125
1 0.45 0.4828125 0.0078125 0.015625
1 0.3125 0.63984375 0.01015625 0.01875
2 0.26171875 0.63515625 0.034375 0.0984375
2 0.3390625 0.5140625 0.0328125 0.08515625
2 0.2765625 0.496875 0.03046875 0.103125
2 0.46484375 0.52109375 0.03828125 0.09375
2 0.565625 0.53125 0.02734375 0.08984375
2 0.31875 0.66875 0.03046875 0.07890625
2 0.97421875 0.453125 0.015625 0.08046875