1 0.29140625 0.5578125 0.0109375 0.01953125
1 0.29765625 0.45390625 0.00859375 0.01796875
1 0.5578125 0.4890625 0.009375 0.0203125
1 0.32265625 0.52734375 0.0125 0.01796875
1 0.43359375 0.48671875 0.01015625 0.01875
1 0.3328125 0.46953125 0.01015625 0.01484375
2 0.565625 0.51875 0.02578125 0.09296875
2 0.2953125 0.60859375 0.0265625 0.121875
2 0.29765625 0.49609375 0.02734375 0.10390625
2 0.440625 0.5234375 0.025 0.0984375
2 0.3328125 0.58359375 0.0328125 0.13203125
2 0.33046875 0.496875 0.02109375 0.0703125