1 0.27421875 0.453125 0.00859375 0.01484375
1 0.2484375 0.5734375 0.01171875 0.01796875
1 0.5734375 0.49609375 0.00859375 0.01796875
1 0.3265625 0.49921875 0.00703125 0.01640625
1 0.44921875 0.47890625 0.00859375 0.01796875
1 0.95859375 0.41640625 0.00703125 0.0109375
1 0.3125 0.63984375 0.01015625 0.01875
2 0.4640625 0.51875 0.03984375 0.09921875
2 0.278125 0.4953125 0.03046875 0.1015625
2 0.25703125 0.625 0.03203125 0.121875
2 0.5640625 0.53125 0.02890625 0.08984375
2 0.3390625 0.51640625 0.03203125 0.08125
2 0.31875 0.66875 0.03046875 0.07890625
2 0.9546875 0.45078125 0.01796875 0.08125