1 0.57421875 0.4984375 0.00859375 0.01640625
1 0.27421875 0.453125 0.00859375 0.01484375
1 0.95703125 0.41796875 0.00859375 0.01328125
1 0.24921875 0.57421875 0.0109375 0.01796875
1 0.3265625 0.5046875 0.00703125 0.01640625
1 0.4484375 0.48046875 0.00859375 0.01875
1 0.3125 0.63984375 0.01015625 0.01875
2 0.46328125 0.51953125 0.040625 0.09921875
2 0.27734375 0.4953125 0.03125 0.1015625
2 0.25625 0.6265625 0.03046875 0.12421875
2 0.3390625 0.52109375 0.03203125 0.07109375
2 0.56484375 0.53203125 0.02890625 0.08671875
2 0.95234375 0.44921875 0.01640625 0.07890625
2 0.31875 0.66875 0.03046875 0.0765625