1 0.25234375 0.57890625 0.0125 0.01875
1 0.5734375 0.49765625 0.009375 0.01796875
1 0.27421875 0.453125 0.00859375 0.01484375
1 0.4484375 0.48359375 0.00859375 0.01640625
1 0.32734375 0.50390625 0.00703125 0.01796875
1 0.953125 0.415625 0.00703125 0.0109375
1 0.3125 0.63984375 0.01015625 0.01875
2 0.27734375 0.4953125 0.03125 0.1015625
2 0.46328125 0.52109375 0.040625 0.09453125
2 0.94921875 0.45 0.01640625 0.08125
2 0.25859375 0.63046875 0.03046875 0.1234375
2 0.33984375 0.5203125 0.03203125 0.071875
2 0.56484375 0.53203125 0.02734375 0.0890625
2 0.31875 0.66875 0.03046875 0.078125