1 0.27421875 0.45390625 0.009375 0.01484375
1 0.25703125 0.5890625 0.01171875 0.0203125
1 0.575 0.4984375 0.00859375 0.01796875
1 0.940625 0.4109375 0.00703125 0.0109375
1 0.45078125 0.48203125 0.00859375 0.01796875
1 0.3265625 0.50625 0.00546875 0.01640625
1 0.3125 0.63984375 0.01015625 0.01875
2 0.465625 0.52109375 0.03828125 0.0984375
2 0.27734375 0.49453125 0.03203125 0.10078125
2 0.33984375 0.51953125 0.03125 0.06953125
2 0.9375 0.44453125 0.01640625 0.08046875
2 0.56484375 0.53203125 0.0296875 0.08671875
2 0.31875 0.66875 0.03046875 0.0765625
2 0.2609375 0.634375 0.02734375 0.11328125