1 0.5765625 0.503125 0.01015625 0.01953125
1 0.265625 0.59140625 0.01171875 0.01875
1 0.925 0.40859375 0.00703125 0.01171875
1 0.275 0.45390625 0.00859375 0.01484375
1 0.446875 0.4859375 0.00859375 0.01875
1 0.3125 0.63984375 0.01015625 0.01875
2 0.46328125 0.521875 0.04140625 0.09296875
2 0.2765625 0.4953125 0.03203125 0.1
2 0.56484375 0.53359375 0.03359375 0.08203125
2 0.2671875 0.63671875 0.02734375 0.1109375
2 0.91875 0.4421875 0.021875 0.08046875
2 0.33984375 0.52109375 0.03125 0.06796875
2 0.31875 0.66875 0.03046875 0.078125