1 0.290625 0.459375 0.009375 0.015625
1 0.30625 0.559375 0.00859375 0.01484375
1 0.421875 0.5046875 0.01015625 0.01875
1 0.33125 0.525 0.01015625 0.01640625
1 0.55703125 0.4859375 0.009375 0.01953125
1 0.346875 0.49453125 0.00859375 0.01640625
2 0.56640625 0.51640625 0.02734375 0.090625
2 0.43515625 0.53125 0.03671875 0.078125
2 0.2984375 0.61015625 0.0296875 0.11640625
2 0.29765625 0.50078125 0.034375 0.096875
2 0.33984375 0.58203125 0.03046875 0.12890625
2 0.3359375 0.5109375 0.03203125 0.0546875