1 0.275 0.45390625 0.00859375 0.015625
1 0.9203125 0.409375 0.00703125 0.01328125
1 0.44765625 0.48515625 0.00859375 0.01875
1 0.57734375 0.5015625 0.0109375 0.01875
1 0.3125 0.63984375 0.01015625 0.01875
1 0.26796875 0.596875 0.01171875 0.01875
2 0.26796875 0.64140625 0.0265625 0.10703125
2 0.2765625 0.49609375 0.03203125 0.10078125
2 0.91328125 0.4421875 0.02265625 0.08046875
2 0.33984375 0.521875 0.0296875 0.06953125
2 0.565625 0.53359375 0.03515625 0.08515625
2 0.31875 0.66875 0.03046875 0.078125
2 0.4640625 0.52265625 0.04140625 0.0953125