1 0.27421875 0.45390625 0.00859375 0.015625
1 0.578125 0.4984375 0.0109375 0.01953125
1 0.4484375 0.48203125 0.00859375 0.01953125
1 0.2765625 0.61796875 0.01171875 0.01953125
1 0.32578125 0.50546875 0.00625 0.01796875
1 0.3125 0.63984375 0.01015625 0.01875
1 0.9125 0.40546875 0.00703125 0.01171875
2 0.4640625 0.52109375 0.03984375 0.096875
2 0.56640625 0.53125 0.03515625 0.08671875
2 0.2765625 0.49609375 0.03046875 0.1015625
2 0.2671875 0.65546875 0.03046875 0.0953125
2 0.3390625 0.51953125 0.03203125 0.06953125
2 0.909375 0.43828125 0.01640625 0.0796875
2 0.31875 0.66875 0.03046875 0.078125