1 0.29140625 0.5578125 0.01171875 0.01953125
1 0.2984375 0.45234375 0.009375 0.015625
1 0.5546875 0.49296875 0.01015625 0.02109375
1 0.3234375 0.52734375 0.01328125 0.01796875
1 0.3328125 0.47421875 0.01015625 0.01484375
1 0.43359375 0.48515625 0.01015625 0.0203125
2 0.44140625 0.521875 0.0265625 0.09921875
2 0.2953125 0.60859375 0.02578125 0.12109375
2 0.29765625 0.49375 0.02890625 0.10078125
2 0.33359375 0.584375 0.03515625 0.13125
2 0.56484375 0.51875 0.02890625 0.09375
2 0.32890625 0.50078125 0.02109375 0.071875