1 0.27421875 0.63671875 0.01015625 0.015625
1 0.27421875 0.45390625 0.00859375 0.01484375
1 0.57734375 0.49921875 0.01171875 0.01953125
1 0.44765625 0.48203125 0.009375 0.01953125
1 0.9015625 0.40859375 0.00703125 0.0140625
1 0.32734375 0.50390625 0.00625 0.01875
1 0.3125 0.6390625 0.0109375 0.01796875
2 0.46328125 0.5203125 0.04140625 0.0984375
2 0.5671875 0.53203125 0.03359375 0.0859375
2 0.2765625 0.4953125 0.03125 0.1015625
2 0.33984375 0.51953125 0.0328125 0.071875
2 0.896875 0.4421875 0.01953125 0.08203125
2 0.2671875 0.66640625 0.02734375 0.0765625
2 0.31875 0.66796875 0.03125 0.0765625