1 0.27421875 0.45390625 0.00859375 0.01484375
1 0.31328125 0.63828125 0.01015625 0.01484375
1 0.26640625 0.6359375 0.01171875 0.015625
1 0.8921875 0.41015625 0.00859375 0.01328125
1 0.57734375 0.50078125 0.01015625 0.01796875
1 0.4453125 0.48359375 0.01015625 0.01875
2 0.46171875 0.52109375 0.04375 0.09375
2 0.2765625 0.49609375 0.03046875 0.103125
2 0.88828125 0.44453125 0.01875 0.084375
2 0.56640625 0.5328125 0.03359375 0.0859375
2 0.33984375 0.51953125 0.03125 0.06953125
2 0.2671875 0.66640625 0.03046875 0.08046875
2 0.31875 0.66875 0.03203125 0.078125