1 0.2625 0.6359375 0.0109375 0.015625
1 0.27421875 0.45390625 0.00859375 0.01484375
1 0.3140625 0.6375 0.0109375 0.0140625
1 0.890625 0.41015625 0.00859375 0.01484375
1 0.5765625 0.49921875 0.01015625 0.01796875
1 0.44453125 0.48671875 0.00859375 0.01875
2 0.46171875 0.52265625 0.04453125 0.09140625
2 0.27578125 0.49609375 0.03046875 0.1015625
2 0.565625 0.5328125 0.0328125 0.0859375
2 0.88671875 0.44609375 0.01796875 0.08828125
2 0.33984375 0.52109375 0.03046875 0.06953125
2 0.26640625 0.665625 0.03125 0.078125
2 0.31875 0.66875 0.03203125 0.0765625