1 0.2578125 0.63828125 0.0109375 0.01875
1 0.27421875 0.45390625 0.00859375 0.015625
1 0.44140625 0.48359375 0.00859375 0.01875
1 0.31484375 0.6390625 0.01171875 0.01328125
1 0.57265625 0.49609375 0.009375 0.01640625
1 0.88359375 0.41640625 0.00859375 0.01328125
1 0.3265625 0.50078125 0.00703125 0.01796875
2 0.459375 0.52109375 0.0453125 0.0953125
2 0.3390625 0.51875 0.0328125 0.07578125
2 0.2765625 0.49609375 0.03125 0.10078125
2 0.5640625 0.53125 0.02734375 0.0890625
2 0.265625 0.66953125 0.0328125 0.084375
2 0.8796875 0.453125 0.0171875 0.08828125
2 0.31875 0.66953125 0.03203125 0.07578125