1 0.5734375 0.4984375 0.00859375 0.01796875
1 0.25859375 0.6375 0.01171875 0.01796875
1 0.27421875 0.45390625 0.00859375 0.01484375
1 0.87109375 0.41953125 0.00859375 0.01484375
1 0.32734375 0.48515625 0.009375 0.01875
1 0.3171875 0.6421875 0.01015625 0.0140625
1 0.44296875 0.47890625 0.00859375 0.01640625
2 0.45703125 0.51953125 0.03671875 0.1
2 0.33828125 0.5109375 0.03203125 0.08515625
2 0.2765625 0.49609375 0.03046875 0.10390625
2 0.56484375 0.53203125 0.028125 0.08671875
2 0.26640625 0.665625 0.034375 0.07578125
2 0.31875 0.67109375 0.03125 0.0734375
2 0.8671875 0.45625 0.01796875 0.0890625