1 0.25859375 0.6375 0.01171875 0.01796875
1 0.57265625 0.496875 0.009375 0.01640625
1 0.27421875 0.453125 0.00859375 0.015625
1 0.86640625 0.41953125 0.00859375 0.01328125
1 0.3296875 0.4859375 0.01015625 0.02109375
1 0.44453125 0.47578125 0.00859375 0.01875
1 0.3171875 0.640625 0.01015625 0.0140625
2 0.45859375 0.51640625 0.0375 0.10078125
2 0.5640625 0.53203125 0.02734375 0.08828125
2 0.33671875 0.51328125 0.02578125 0.08203125
2 0.26640625 0.66640625 0.03359375 0.0765625
2 0.2765625 0.49609375 0.03203125 0.10390625
2 0.8640625 0.45625 0.01953125 0.0890625
2 0.31875 0.66953125 0.03125 0.075