1 0.5765625 0.4984375 0.01015625 0.01875
1 0.26015625 0.63671875 0.01171875 0.01875
1 0.84296875 0.421875 0.009375 0.0140625
1 0.27421875 0.453125 0.00859375 0.01484375
1 0.31484375 0.6390625 0.01171875 0.0140625
1 0.4484375 0.47109375 0.0078125 0.01796875
2 0.4609375 0.5140625 0.03203125 0.10859375
2 0.83984375 0.4609375 0.0203125 0.09375
2 0.3109375 0.5296875 0.03359375 0.06875
2 0.26640625 0.6671875 0.03203125 0.07890625
2 0.27734375 0.49609375 0.03203125 0.103125
2 0.565625 0.53203125 0.03359375 0.0890625
2 0.31875 0.66953125 0.03203125 0.07578125