1 0.8390625 0.41953125 0.00859375 0.0140625
1 0.27421875 0.453125 0.00859375 0.01484375
1 0.26015625 0.63671875 0.0109375 0.01875
1 0.5765625 0.49921875 0.0109375 0.01953125
1 0.315625 0.6390625 0.01171875 0.0140625
1 0.44921875 0.46953125 0.0078125 0.01796875
2 0.4609375 0.5140625 0.03203125 0.11015625
2 0.26640625 0.6671875 0.0328125 0.07890625
2 0.309375 0.53203125 0.03203125 0.06953125
2 0.27734375 0.49609375 0.03203125 0.103125
2 0.56640625 0.53203125 0.034375 0.08671875
2 0.31875 0.66953125 0.03125 0.07578125
2 0.83671875 0.459375 0.01640625 0.0953125