1 0.31328125 0.63671875 0.01015625 0.01484375
1 0.27421875 0.453125 0.00859375 0.01484375
1 0.26015625 0.6375 0.01015625 0.01796875
1 0.575 0.49921875 0.00859375 0.01953125
1 0.82421875 0.421875 0.00859375 0.01328125
1 0.45 0.46796875 0.0078125 0.01796875
2 0.4609375 0.5125 0.03046875 0.11015625
2 0.26640625 0.66796875 0.03203125 0.0796875
2 0.309375 0.52890625 0.028125 0.07421875
2 0.56484375 0.53203125 0.03125 0.08671875
2 0.2765625 0.49609375 0.03125 0.10390625
2 0.821875 0.4625 0.01796875 0.0953125
2 0.31796875 0.66875 0.03203125 0.07890625