1 0.31171875 0.63671875 0.0109375 0.015625
1 0.27421875 0.453125 0.009375 0.015625
1 0.81640625 0.42265625 0.009375 0.0140625
1 0.26015625 0.63671875 0.009375 0.01640625
1 0.57265625 0.49609375 0.009375 0.01640625
1 0.45078125 0.46875 0.00859375 0.01796875
2 0.3109375 0.528125 0.02890625 0.075
2 0.4609375 0.51328125 0.03046875 0.10859375
2 0.26640625 0.66953125 0.0328125 0.084375
2 0.27578125 0.49609375 0.03046875 0.10390625
2 0.81015625 0.4625 0.02734375 0.0953125
2 0.31796875 0.66875 0.03359375 0.08125
2 0.5640625 0.5359375 0.02734375 0.0984375