1 0.31171875 0.6359375 0.01015625 0.01796875
1 0.81328125 0.421875 0.01015625 0.0140625
1 0.27421875 0.453125 0.009375 0.015625
1 0.26015625 0.63671875 0.01015625 0.01640625
1 0.571875 0.49453125 0.009375 0.015625
1 0.45 0.46875 0.00859375 0.01640625
2 0.3109375 0.528125 0.028125 0.0765625
2 0.4609375 0.51328125 0.03046875 0.109375
2 0.26640625 0.66953125 0.0328125 0.08359375
2 0.56328125 0.53359375 0.02734375 0.09453125
2 0.2765625 0.49609375 0.03046875 0.10390625
2 0.31796875 0.66796875 0.03203125 0.08125
2 0.81015625 0.4609375 0.02421875 0.09453125