1 0.57421875 0.49765625 0.009375 0.01796875
1 0.78828125 0.41953125 0.009375 0.0140625
1 0.3125 0.6359375 0.0125 0.01875
1 0.27109375 0.45390625 0.01015625 0.0140625
1 0.2578125 0.6375 0.01015625 0.01796875
1 0.44765625 0.47109375 0.0078125 0.01796875
2 0.46015625 0.5140625 0.03359375 0.109375
2 0.2765625 0.496875 0.03046875 0.10078125
2 0.56484375 0.53203125 0.03046875 0.0859375
2 0.3140625 0.528125 0.02734375 0.075
2 0.265625 0.66796875 0.03359375 0.0796875
2 0.7859375 0.46015625 0.01796875 0.09609375
2 0.31640625 0.66640625 0.03046875 0.0796875