1 0.25625 0.6359375 0.0109375 0.015625
1 0.77421875 0.41796875 0.01015625 0.0140625
1 0.3125 0.6359375 0.01328125 0.01875
1 0.2671875 0.45546875 0.01015625 0.0140625
1 0.57578125 0.4984375 0.009375 0.01796875
1 0.44765625 0.46875 0.00859375 0.01640625
2 0.459375 0.5125 0.0328125 0.10859375
2 0.565625 0.53203125 0.03203125 0.0859375
2 0.26484375 0.66875 0.03515625 0.084375
2 0.3140625 0.52890625 0.02265625 0.075
2 0.77265625 0.45703125 0.01796875 0.09296875
2 0.31640625 0.66796875 0.03125 0.08125
2 0.2765625 0.49765625 0.0296875 0.10078125