1 0.76953125 0.41640625 0.01015625 0.01328125
1 0.25703125 0.6359375 0.0109375 0.01484375
1 0.31171875 0.63671875 0.0125 0.01796875
1 0.26640625 0.45546875 0.009375 0.0140625
1 0.57578125 0.50078125 0.01015625 0.01640625
1 0.44765625 0.46796875 0.00859375 0.01640625
1 0.31484375 0.528125 0.01015625 0.01875
2 0.459375 0.51328125 0.0328125 0.11015625
2 0.565625 0.53359375 0.03125 0.08359375
2 0.26484375 0.66796875 0.03515625 0.0796875
2 0.31171875 0.53046875 0.028125 0.07109375
2 0.2765625 0.49765625 0.0296875 0.10078125
2 0.31640625 0.66640625 0.03046875 0.0796875
2 0.76796875 0.45703125 0.0171875 0.09609375