1 0.7640625 0.41875 0.01015625 0.01484375
1 0.25703125 0.6359375 0.0109375 0.01484375
1 0.57578125 0.49921875 0.00859375 0.01875
1 0.26640625 0.4546875 0.009375 0.01328125
1 0.3109375 0.6359375 0.01328125 0.01796875
1 0.44765625 0.47109375 0.00859375 0.01796875
2 0.46015625 0.51484375 0.03359375 0.109375
2 0.76015625 0.459375 0.025 0.09609375
2 0.565625 0.53203125 0.03046875 0.0859375
2 0.26484375 0.66953125 0.03515625 0.08359375
2 0.31171875 0.528125 0.02734375 0.07578125
2 0.27578125 0.49765625 0.03046875 0.10078125
2 0.31640625 0.66640625 0.03046875 0.08125