1 0.74140625 0.41953125 0.01015625 0.01484375
1 0.5765625 0.503125 0.00859375 0.01875
1 0.26015625 0.63828125 0.01015625 0.01796875
1 0.2609375 0.4546875 0.01015625 0.01328125
1 0.44765625 0.46640625 0.00859375 0.01640625
1 0.3078125 0.6390625 0.01328125 0.01953125
2 0.459375 0.5125 0.0328125 0.11171875
2 0.565625 0.53359375 0.0328125 0.08203125
2 0.26953125 0.4984375 0.02734375 0.1015625
2 0.3125 0.528125 0.0265625 0.07578125
2 0.265625 0.66875 0.03359375 0.07890625
2 0.7375 0.46015625 0.0296875 0.09609375
2 0.3171875 0.66875 0.03671875 0.07890625
2 0.99140625 0.45703125 0.01484375 0.07578125