1 0.73359375 0.41640625 0.01015625 0.0140625
1 0.57578125 0.503125 0.009375 0.01640625
1 0.26171875 0.6390625 0.01171875 0.01640625
1 0.259375 0.4578125 0.009375 0.0140625
1 0.30859375 0.63984375 0.0125 0.01875
1 0.4484375 0.46484375 0.00859375 0.01640625
2 0.4609375 0.51171875 0.03359375 0.11171875
2 0.565625 0.534375 0.03125 0.08203125
2 0.31328125 0.528125 0.025 0.07578125
2 0.265625 0.67109375 0.0328125 0.07890625
2 0.265625 0.49921875 0.02265625 0.0984375
2 0.98671875 0.46171875 0.01640625 0.08046875
2 0.31796875 0.66875 0.034375 0.07890625
2 0.73203125 0.45703125 0.0171875 0.0953125