1 0.2625 0.6390625 0.0109375 0.015625
1 0.5765625 0.503125 0.01015625 0.01796875
1 0.259375 0.459375 0.01015625 0.01328125
1 0.309375 0.63984375 0.01328125 0.01875
1 0.44921875 0.4640625 0.00859375 0.01796875
1 0.73125 0.415625 0.01015625 0.0140625
2 0.4609375 0.5109375 0.0328125 0.11171875
2 0.56640625 0.534375 0.03203125 0.08203125
2 0.3125 0.52890625 0.025 0.07578125
2 0.265625 0.67109375 0.0328125 0.0796875
2 0.265625 0.50078125 0.02265625 0.096875
2 0.9859375 0.4609375 0.01640625 0.08125
2 0.31875 0.66875 0.03359375 0.07890625
2 0.7296875 0.45703125 0.0171875 0.096875