1 0.25859375 0.46328125 0.01015625 0.015625
1 0.578125 0.50390625 0.00859375 0.01796875
1 0.72578125 0.41640625 0.01015625 0.01328125
1 0.2625 0.6390625 0.0109375 0.015625
1 0.31015625 0.6390625 0.01328125 0.01953125
1 0.45 0.46171875 0.00859375 0.01640625
2 0.4625 0.51015625 0.034375 0.11484375
2 0.72109375 0.45703125 0.0234375 0.09453125
2 0.265625 0.503125 0.02421875 0.096875
2 0.265625 0.66953125 0.0328125 0.07890625
2 0.31015625 0.53046875 0.03125 0.07109375
2 0.984375 0.4609375 0.01640625 0.08046875
2 0.31875 0.66875 0.0328125 0.078125
2 0.565625 0.534375 0.03359375 0.08046875