1 0.72265625 0.41875 0.01015625 0.01484375
1 0.578125 0.50390625 0.009375 0.01796875
1 0.25859375 0.46484375 0.01015625 0.01484375
1 0.45 0.4625 0.00859375 0.01796875
1 0.31015625 0.6390625 0.01328125 0.01875
1 0.26328125 0.6390625 0.0109375 0.015625
2 0.46171875 0.51171875 0.03359375 0.11796875
2 0.71875 0.45859375 0.0265625 0.09609375
2 0.31171875 0.52890625 0.028125 0.0734375
2 0.265625 0.50625 0.025 0.09921875
2 0.26640625 0.66953125 0.03203125 0.078125
2 0.98125 0.4609375 0.01796875 0.08046875
2 0.31796875 0.66796875 0.03203125 0.07890625
2 0.56640625 0.53515625 0.034375 0.08125