1 0.68984375 0.4140625 0.01015625 0.01484375
1 0.2640625 0.640625 0.0109375 0.015625
1 0.4421875 0.47109375 0.00859375 0.01796875
1 0.578125 0.5015625 0.01015625 0.01953125
1 0.31171875 0.6390625 0.0125 0.01953125
1 0.2640625 0.46875 0.01015625 0.015625
2 0.45546875 0.515625 0.0359375 0.10859375
2 0.56640625 0.53359375 0.03515625 0.08515625
2 0.3140625 0.5265625 0.025 0.075
2 0.271875 0.5109375 0.02578125 0.09921875
2 0.26640625 0.66953125 0.03203125 0.07578125
2 0.96875 0.4609375 0.01640625 0.08046875
2 0.6890625 0.45390625 0.01640625 0.09453125
2 0.31796875 0.66875 0.03125 0.078125