1 0.578125 0.50234375 0.01015625 0.01953125
1 0.26484375 0.4671875 0.01015625 0.015625
1 0.68359375 0.41328125 0.01015625 0.0140625
1 0.4421875 0.47109375 0.009375 0.01875
1 0.2640625 0.640625 0.01171875 0.015625
1 0.31171875 0.6390625 0.0125 0.01953125
2 0.45546875 0.515625 0.03671875 0.10859375
2 0.68125 0.4546875 0.02109375 0.09609375
2 0.56640625 0.53359375 0.03515625 0.08515625
2 0.27265625 0.509375 0.025 0.1
2 0.31328125 0.528125 0.0265625 0.07109375
2 0.265625 0.66875 0.0328125 0.075
2 0.965625 0.4609375 0.01640625 0.08046875
2 0.31796875 0.66875 0.03125 0.078125