1 0.578125 0.5015625 0.01015625 0.01796875
1 0.25625 0.48046875 0.009375 0.01796875
1 0.6625 0.41484375 0.0109375 0.01328125
1 0.44296875 0.47109375 0.00859375 0.01875
1 0.3109375 0.6390625 0.01328125 0.01953125
1 0.2640625 0.640625 0.01171875 0.015625
2 0.45703125 0.515625 0.03671875 0.109375
2 0.26796875 0.515625 0.03359375 0.08984375
2 0.56640625 0.53359375 0.03515625 0.084375
2 0.265625 0.6703125 0.0328125 0.078125
2 0.31796875 0.66875 0.03125 0.078125
2 0.95546875 0.459375 0.01484375 0.08203125
2 0.31484375 0.5265625 0.02734375 0.07578125
2 0.66171875 0.45546875 0.01796875 0.09609375