1 0.2515625 0.48359375 0.01015625 0.01796875
1 0.5765625 0.49921875 0.00859375 0.01875
1 0.2640625 0.640625 0.01171875 0.01640625
1 0.4640625 0.47265625 0.01328125 0.015625
1 0.44296875 0.471875 0.009375 0.01875
1 0.9546875 0.42890625 0.00703125 0.0140625
1 0.653125 0.41640625 0.01015625 0.0140625
1 0.3109375 0.63984375 0.0125 0.01875
2 0.45546875 0.51484375 0.03515625 0.10703125
2 0.565625 0.53203125 0.03125 0.0859375
2 0.653125 0.45703125 0.02890625 0.09609375
2 0.31328125 0.528125 0.02578125 0.071875
2 0.265625 0.6703125 0.0328125 0.078125
2 0.94921875 0.46328125 0.01953125 0.08359375
2 0.31796875 0.66875 0.03125 0.078125
2 0.2640625 0.51796875 0.0359375 0.08671875