1 0.5703125 0.484375 0.0109375 0.01796875
1 0.603125 0.41171875 0.01015625 0.01328125
1 0.23828125 0.478125 0.009375 0.01640625
1 0.2640625 0.64140625 0.01171875 0.01796875
1 0.440625 0.47421875 0.01015625 0.01875
1 0.3109375 0.640625 0.0125 0.01953125
2 0.4546875 0.51640625 0.03671875 0.10546875
2 0.2484375 0.51484375 0.0296875 0.09296875
2 0.5640625 0.5359375 0.02421875 0.1203125
2 0.9234375 0.4640625 0.01953125 0.0859375
2 0.265625 0.66875 0.0328125 0.075
2 0.6046875 0.45234375 0.01796875 0.0953125
2 0.3125 0.52578125 0.02578125 0.07421875
2 0.31796875 0.66953125 0.03125 0.078125