1 0.56796875 0.484375 0.01171875 0.01953125
1 0.23984375 0.4765625 0.00859375 0.015625
1 0.58203125 0.41640625 0.0109375 0.0140625
1 0.2640625 0.64140625 0.0109375 0.01796875
1 0.440625 0.475 0.01015625 0.01875
1 0.91796875 0.4265625 0.0078125 0.01328125
1 0.3109375 0.640625 0.01171875 0.01953125
2 0.45390625 0.5171875 0.03671875 0.1046875
2 0.3125 0.52734375 0.02734375 0.075
2 0.24765625 0.51328125 0.025 0.09140625
2 0.5640625 0.53515625 0.02265625 0.1203125
2 0.26640625 0.66953125 0.03203125 0.07578125
2 0.91015625 0.4625 0.025 0.0859375
2 0.58515625 0.45703125 0.02109375 0.09609375
2 0.31796875 0.66953125 0.03125 0.078125