1 0.240625 0.471875 0.0078125 0.01640625
1 0.5734375 0.41640625 0.0109375 0.01484375
1 0.2640625 0.64140625 0.0109375 0.01796875
1 0.56640625 0.484375 0.01171875 0.01796875
1 0.43984375 0.47421875 0.01015625 0.01796875
1 0.46328125 0.47578125 0.0125 0.01796875
1 0.3109375 0.63984375 0.0125 0.01875
2 0.453125 0.5171875 0.03671875 0.1046875
2 0.31015625 0.53125 0.0296875 0.06953125
2 0.24921875 0.51171875 0.0265625 0.096875
2 0.90703125 0.45859375 0.01953125 0.08515625
2 0.26640625 0.66953125 0.03203125 0.0765625
2 0.5640625 0.53203125 0.02265625 0.11171875
2 0.31796875 0.66953125 0.03203125 0.078125
2 0.5765625 0.45625 0.01875 0.0953125