1 0.57109375 0.41640625 0.01171875 0.01484375
1 0.23984375 0.47109375 0.00859375 0.01640625
1 0.5671875 0.4859375 0.01171875 0.01796875
1 0.2640625 0.640625 0.0109375 0.01640625
1 0.43984375 0.47578125 0.01015625 0.01796875
1 0.4625 0.47578125 0.0125 0.01796875
1 0.3109375 0.63984375 0.0125 0.01875
2 0.453125 0.5171875 0.03671875 0.1046875
2 0.2484375 0.5109375 0.02578125 0.0984375
2 0.3109375 0.53203125 0.03203125 0.06953125
2 0.56484375 0.53203125 0.02421875 0.11015625
2 0.26640625 0.6703125 0.03203125 0.078125
2 0.575 0.45625 0.02109375 0.09453125
2 0.31796875 0.66953125 0.03125 0.078125
2 0.90625 0.45625 0.01796875 0.0890625