1 0.56328125 0.41640625 0.01015625 0.01484375
1 0.2640625 0.640625 0.0109375 0.01640625
1 0.5671875 0.484375 0.01171875 0.01796875
1 0.23984375 0.46796875 0.00859375 0.01484375
1 0.43984375 0.4765625 0.009375 0.01640625
1 0.3109375 0.63984375 0.0125 0.01875
2 0.453125 0.51796875 0.03671875 0.1015625
2 0.2484375 0.509375 0.02578125 0.10078125
2 0.56484375 0.534375 0.025 0.11796875
2 0.26640625 0.671875 0.03203125 0.07890625
2 0.31171875 0.53125 0.02890625 0.06484375
2 0.89921875 0.4609375 0.021875 0.090625
2 0.31796875 0.66953125 0.03203125 0.078125
2 0.565625 0.45 0.0171875 0.08125