1 0.56484375 0.48359375 0.01015625 0.01640625
1 0.5484375 0.41953125 0.00859375 0.015625
1 0.2625 0.6390625 0.0109375 0.01640625
1 0.43828125 0.4765625 0.00859375 0.01640625
1 0.3109375 0.640625 0.01171875 0.01953125
1 0.89140625 0.421875 0.00859375 0.01328125
1 0.2421875 0.46953125 0.00859375 0.015625
2 0.45234375 0.51796875 0.03828125 0.103125
2 0.88515625 0.4578125 0.02265625 0.0859375
2 0.31171875 0.53125 0.028125 0.06796875
2 0.56484375 0.52578125 0.02578125 0.103125
2 0.26640625 0.66953125 0.03203125 0.078125
2 0.55 0.459375 0.01953125 0.0953125
2 0.31796875 0.66953125 0.03203125 0.078125
2 0.24921875 0.5109375 0.02421875 0.09921875