1 0.53984375 0.41953125 0.00859375 0.01484375
1 0.26171875 0.63828125 0.0109375 0.01796875
1 0.4375 0.47734375 0.0078125 0.015625
1 0.88203125 0.421875 0.00703125 0.0140625
1 0.3109375 0.63984375 0.01171875 0.01875
1 0.24296875 0.4703125 0.00859375 0.01484375
1 0.4609375 0.478125 0.0109375 0.01640625
1 0.56328125 0.48125 0.0109375 0.01640625
2 0.45234375 0.51875 0.0375 0.1015625
2 0.31171875 0.52890625 0.028125 0.0703125
2 0.87890625 0.45703125 0.01796875 0.0890625
2 0.24921875 0.51171875 0.02421875 0.096875
2 0.26640625 0.66875 0.03203125 0.078125
2 0.56328125 0.525 0.025 0.10390625
2 0.31796875 0.66953125 0.03203125 0.078125
2 0.540625 0.459375 0.01640625 0.0953125