1 0.53125 0.421875 0.009375 0.015625
1 0.2609375 0.6390625 0.0109375 0.01875
1 0.87421875 0.42109375 0.00703125 0.0140625
1 0.24140625 0.47109375 0.00859375 0.01484375
1 0.3109375 0.6390625 0.0109375 0.01875
1 0.4375 0.478125 0.00859375 0.01640625
1 0.55859375 0.48046875 0.01015625 0.01640625
2 0.45234375 0.51875 0.0375 0.10078125
2 0.31015625 0.5265625 0.03046875 0.07421875
2 0.24765625 0.51171875 0.02734375 0.0984375
2 0.534375 0.4609375 0.025 0.0953125
2 0.5625 0.5234375 0.02578125 0.1046875
2 0.26640625 0.66875 0.03203125 0.07890625
2 0.86875 0.45859375 0.02265625 0.090625
2 0.31796875 0.66875 0.03203125 0.0796875