1 0.52421875 0.41953125 0.009375 0.015625
1 0.2609375 0.6390625 0.0109375 0.01875
1 0.4390625 0.4734375 0.00859375 0.01640625
1 0.8671875 0.4203125 0.00859375 0.01328125
1 0.23984375 0.471875 0.00859375 0.0140625
1 0.3109375 0.6390625 0.0109375 0.01875
1 0.55703125 0.4796875 0.01015625 0.01640625
2 0.45234375 0.51640625 0.03671875 0.10546875
2 0.56171875 0.5234375 0.02734375 0.1046875
2 0.52890625 0.46015625 0.02265625 0.09609375
2 0.3109375 0.52578125 0.02890625 0.07578125
2 0.24765625 0.51328125 0.0296875 0.0984375
2 0.8640625 0.45859375 0.01796875 0.090625
2 0.26640625 0.66796875 0.03203125 0.0765625
2 0.31796875 0.66875 0.03203125 0.0796875