1 0.31171875 0.63828125 0.01171875 0.01953125
1 0.521875 0.41953125 0.01015625 0.015625
1 0.2609375 0.6390625 0.0109375 0.01875
1 0.2375 0.471875 0.00859375 0.0140625
1 0.4390625 0.4703125 0.009375 0.01640625
1 0.55625 0.47890625 0.0109375 0.015625
1 0.8625 0.41953125 0.0078125 0.0140625
2 0.56171875 0.5234375 0.03046875 0.10390625
2 0.45234375 0.515625 0.03671875 0.10703125
2 0.24609375 0.5125 0.03203125 0.096875
2 0.3125 0.52578125 0.03046875 0.075
2 0.26640625 0.66875 0.03359375 0.07890625
2 0.85859375 0.45703125 0.01875 0.08984375
2 0.31796875 0.66796875 0.03203125 0.08046875
2 0.52421875 0.459375 0.01875 0.09609375