1 0.4203125 0.38046875 0.0125 0.01640625
1 0.2578125 0.39453125 0.009375 0.0140625
2 0.00625 0.4046875 0.01171875 0.05
2 0.04453125 0.4046875 0.0265625 0.05390625
1 0.10390625 0.43125 0.0078125 0.01171875
1 0.46875 0.3015625 0.00859375 0.0140625
2 0.4328125 0.4390625 0.03828125 0.13515625
2 0.2671875 0.45546875 0.0296875 0.134375
2 0.47265625 0.35078125 0.02421875 0.1140625
2 0.11328125 0.47578125 0.02734375 0.103125
2 0.02109375 0.46328125 0.015625 0.065625
2 0.1390625 0.378125 0.03203125 0.02890625