1 0.32109375 0.46875 0.009375 0.0203125
1 0.2671875 0.57109375 0.01015625 0.01796875
1 0.55703125 0.48359375 0.01015625 0.0203125
1 0.25859375 0.46015625 0.00859375 0.01640625
1 0.33515625 0.534375 0.01015625 0.01640625
1 0.4359375 0.54296875 0.01015625 0.02109375
2 0.44375 0.54609375 0.03046875 0.0703125
2 0.56328125 0.5234375 0.02265625 0.10390625
2 0.2640625 0.50546875 0.0234375 0.10859375
2 0.28046875 0.62109375 0.03828125 0.1203125
2 0.321875 0.5125 0.02734375 0.10859375
2 0.34375 0.59296875 0.03125 0.1359375