1 0.26875 0.56953125 0.01015625 0.01796875
1 0.33984375 0.45546875 0.01171875 0.015625
1 0.3359375 0.53828125 0.01015625 0.01640625
1 0.55546875 0.484375 0.01015625 0.01875
1 0.259375 0.45703125 0.0078125 0.015625
1 0.4328125 0.53671875 0.01015625 0.01875
2 0.56484375 0.52421875 0.02890625 0.1015625
2 0.3421875 0.5953125 0.0359375 0.13359375
2 0.44140625 0.54375 0.02734375 0.06953125
2 0.26484375 0.496875 0.025 0.0984375
2 0.28046875 0.62109375 0.03828125 0.12109375
2 0.3453125 0.4984375 0.02421875 0.1046875