1 0.3375 0.4625 0.0109375 0.015625
1 0.56015625 0.484375 0.01171875 0.0203125
1 0.42890625 0.4921875 0.01171875 0.01953125
1 0.26875 0.56953125 0.01015625 0.01796875
1 0.26484375 0.45625 0.0078125 0.015625
1 0.3296875 0.54609375 0.0109375 0.01640625
2 0.4390625 0.52734375 0.0328125 0.09140625
2 0.27421875 0.49765625 0.03125 0.10078125
2 0.56484375 0.52421875 0.021875 0.1015625
2 0.33828125 0.60078125 0.04140625 0.128125
2 0.28046875 0.62109375 0.03828125 0.1203125
2 0.34375 0.5046875 0.02421875 0.1015625