1 0.3375 0.4640625 0.0109375 0.01484375
1 0.434375 0.4859375 0.01015625 0.0203125
1 0.26796875 0.5703125 0.0109375 0.01640625
1 0.265625 0.45546875 0.0078125 0.0140625
1 0.32734375 0.55078125 0.01015625 0.01640625
1 0.5578125 0.49921875 0.01015625 0.0203125
2 0.56484375 0.53125 0.02421875 0.08828125
2 0.33671875 0.6046875 0.03671875 0.12421875
2 0.44296875 0.52421875 0.02734375 0.0984375
2 0.27421875 0.4984375 0.03203125 0.103125
2 0.28046875 0.62109375 0.03828125 0.1203125
2 0.34375 0.50625 0.02578125 0.1015625