1 0.32890625 0.55859375 0.01015625 0.01640625
1 0.4359375 0.48515625 0.01171875 0.0203125
1 0.26875 0.56875 0.01015625 0.01796875
1 0.2625 0.45703125 0.00859375 0.01484375
1 0.3359375 0.4578125 0.0109375 0.015625
1 0.5546875 0.51484375 0.009375 0.021875
2 0.3328125 0.6140625 0.034375 0.12890625
2 0.5640625 0.5359375 0.02890625 0.07890625
2 0.43828125 0.5234375 0.03359375 0.09921875
2 0.34296875 0.5015625 0.025 0.10546875
2 0.271875 0.50078125 0.03359375 0.103125
2 0.2796875 0.6203125 0.03828125 0.121875