1 0.3359375 0.45546875 0.01015625 0.01484375
1 0.2625 0.45703125 0.00859375 0.01484375
1 0.26875 0.56875 0.01015625 0.01796875
1 0.4375 0.48671875 0.0109375 0.01796875
1 0.5546875 0.51484375 0.009375 0.0203125
1 0.32890625 0.56171875 0.0109375 0.015625
2 0.5640625 0.53671875 0.02890625 0.078125
2 0.3328125 0.61796875 0.03515625 0.1296875
2 0.34296875 0.50078125 0.02578125 0.10703125
2 0.4390625 0.52578125 0.03359375 0.0984375
2 0.271875 0.49921875 0.03359375 0.1
2 0.2796875 0.62109375 0.03828125 0.12109375