1 0.3359375 0.4546875 0.01015625 0.01484375
1 0.2625 0.45703125 0.00859375 0.01484375
1 0.26875 0.56875 0.01015625 0.01796875
1 0.3296875 0.5625 0.0109375 0.015625
1 0.43828125 0.4875 0.0109375 0.01953125
1 0.5546875 0.5140625 0.01015625 0.021875
2 0.5640625 0.5359375 0.02890625 0.078125
2 0.4390625 0.52578125 0.03359375 0.096875
2 0.3328125 0.61875 0.03359375 0.128125
2 0.34296875 0.50234375 0.02578125 0.11015625
2 0.271875 0.4984375 0.03359375 0.0984375
2 0.2796875 0.6203125 0.03828125 0.121875