1 0.3359375 0.45390625 0.0109375 0.015625
1 0.32890625 0.56328125 0.0109375 0.01640625
1 0.4390625 0.4890625 0.01171875 0.0203125
1 0.26328125 0.45703125 0.00859375 0.015625
1 0.55390625 0.51328125 0.01015625 0.02421875
1 0.26875 0.56875 0.0109375 0.01796875
2 0.5640625 0.5359375 0.03046875 0.0796875
2 0.4390625 0.525 0.03359375 0.09609375
2 0.33125 0.61953125 0.0359375 0.1296875
2 0.34296875 0.5015625 0.02578125 0.11015625
2 0.271875 0.4984375 0.0328125 0.09921875
2 0.2796875 0.62109375 0.03828125 0.12109375