1 0.33671875 0.45390625 0.01171875 0.01484375
1 0.325 0.57109375 0.0109375 0.01484375
1 0.4390625 0.4921875 0.01171875 0.02109375
1 0.26953125 0.56875 0.01015625 0.01796875
1 0.55546875 0.5 0.009375 0.0203125
1 0.26328125 0.45625 0.00859375 0.015625
2 0.56484375 0.53203125 0.02890625 0.0890625
2 0.440625 0.5265625 0.03515625 0.09296875
2 0.2734375 0.4984375 0.03203125 0.1015625
2 0.3265625 0.63046875 0.0390625 0.134375
2 0.34296875 0.5015625 0.02578125 0.11171875
2 0.2796875 0.62109375 0.03828125 0.12109375