1 0.32734375 0.48203125 0.009375 0.01875
1 0.31328125 0.58671875 0.0125 0.021875
1 0.26328125 0.57421875 0.01015625 0.01875
1 0.42421875 0.50546875 0.01015625 0.0203125
1 0.26328125 0.45703125 0.00859375 0.015625
1 0.553125 0.50078125 0.00859375 0.021875
2 0.56328125 0.53203125 0.0296875 0.0859375
2 0.4375 0.5328125 0.03828125 0.07890625
2 0.3390625 0.5109375 0.0328125 0.08984375
2 0.3203125 0.64296875 0.03515625 0.134375
2 0.27265625 0.49765625 0.03046875 0.09921875
2 0.2765625 0.6234375 0.04296875 0.11875