1 0.31953125 0.590625 0.0109375 0.01875
1 0.2625 0.57578125 0.0109375 0.01796875
1 0.55390625 0.5109375 0.01015625 0.0234375
1 0.42578125 0.5015625 0.01015625 0.01953125
1 0.26328125 0.45703125 0.00859375 0.015625
1 0.32421875 0.49453125 0.00703125 0.01796875
2 0.4390625 0.53125 0.03828125 0.08125
2 0.5640625 0.53515625 0.03046875 0.08125
2 0.31953125 0.64609375 0.03359375 0.13125
2 0.27265625 0.4984375 0.03046875 0.1
2 0.3375 0.515625 0.03359375 0.08046875
2 0.27578125 0.62421875 0.04453125 0.11640625