1 0.26171875 0.57734375 0.0109375 0.01796875
1 0.55546875 0.503125 0.00859375 0.02109375
1 0.26328125 0.45703125 0.00859375 0.015625
1 0.43125 0.48984375 0.01015625 0.0203125
1 0.32421875 0.6265625 0.01015625 0.01640625
1 0.32421875 0.5015625 0.0078125 0.01875
2 0.56484375 0.53359375 0.02890625 0.084375
2 0.44140625 0.525 0.03046875 0.09453125
2 0.27265625 0.4984375 0.03046875 0.1
2 0.275 0.62578125 0.04296875 0.1140625
2 0.31875 0.665625 0.0359375 0.0953125
2 0.3375 0.51875 0.03359375 0.07578125