2 0.31953125 0.665625 0.0375 0.084375
1 0.31328125 0.6359375 0.0109375 0.01640625
1 0.25546875 0.584375 0.01171875 0.01875
1 0.5609375 0.4796875 0.0109375 0.0203125
1 0.325 0.4953125 0.0078125 0.01875
1 0.26328125 0.45703125 0.00859375 0.015625
1 0.4296875 0.48984375 0.0078125 0.01640625
1 0.43828125 0.49296875 0.0109375 0.02109375
2 0.4421875 0.5265625 0.03203125 0.09375
2 0.26640625 0.63203125 0.03984375 0.11640625
2 0.27265625 0.4984375 0.03046875 0.09921875
2 0.56484375 0.52265625 0.02265625 0.11015625
2 0.33828125 0.5140625 0.034375 0.08125