1 0.2515625 0.58125 0.0109375 0.01953125
1 0.26328125 0.45703125 0.00859375 0.015625
1 0.43671875 0.49140625 0.01015625 0.01953125
1 0.32578125 0.50234375 0.00703125 0.01796875
1 0.55703125 0.490625 0.0109375 0.0203125
1 0.31171875 0.63984375 0.0125 0.0203125
2 0.5640625 0.528125 0.0265625 0.096875
2 0.27265625 0.4984375 0.03046875 0.09921875
2 0.2578125 0.63046875 0.02890625 0.121875
2 0.44375 0.5234375 0.02578125 0.09609375
2 0.3421875 0.5140625 0.0265625 0.084375
2 0.3234375 0.66875 0.04375 0.07890625